19
18
21
19
20
26
22
22
21
26
23
23
25
19
28
25
24
25
25
22
26
25
28
23
24
21
23
25
22
19
20
24
25
26
22
18
21
26
18
26
19
22
20
18
19
19
21
29
28
19
21
31
26
26
23
30
22
30
24
29
18
28
30
23
20
24
21
21
22
24
21
24
21
28
23
22
22
22
21
21
24
21
24
22
24
25
23
24
25
26
23
26
20
18
21
23
21
21
21
19
20
27
22
19
18
20
21
20
30
20
33
24
24
18
21
20
20
24
22
23
26
29
26
25
30
23
35
27
27
29
23
22
30
25
31
35
27
29
26
28
26
22
23