35.8000
29.0900
39.4700
21.5700
30.6700
33.0800
29.7800
34.4800
30.4200
31.4600
23.5400
37.2100
21.3800
27.3900
27.8200
22.6500
40.0400
37.7300
29.2800
30.7000
36.2200
20.0700
23.7200
24.5700
26.2700
20.7000
37.0000
35.9900
36.4800
28.5100
38.2300
30.0700
25.6600
28.6100
29.7300
31.8100
36.6700
31.9000
32.1700
35.0700
22.9700
23.0400
32.9400
29.3600
24.3400
31.5900
34.2900
25.4100
30.1400
30.1800
30.1200
38.9400
29.1100
40.3600
34.0000
36.0600
36.9200
39.0400
26.5800
40.8100
38.2800
29.7400
37.1000
32.5800
40.5300
25.0200
29.7700
28.1200
33.5900
39.1800
37.9500
24.8800