19.78997095
21.79944511
20.49861496
22.94811574
24.75546432
20.67169588
22.34029707
28.04281659
21.23057202
22.79035793
22.22222222
27.7488727
24.11403803
26.3958034
26.72287252
17.64705882
21.55102041
26.17383255
24.53512397
21.2244898
30.83289383
23.99121286
22.38631428
35.81771071
26.25072495
22.78330889
20.99605274
26.03878116
25.08286303
24.31412397
22.72043837
23.7953599
20.68515024
22.05219018
25.76683753
22.05805119
22.83950617
28.1969212
23.99121286
21.56454491
24.08822312
22.78330889
24.30248706
19.44444444
23.51020408
19.26717144
23.66143862
19.83471074
31.22130395
19.48696145
23.40565417
21.875
28.37370242
23.05456246
21.1552942
28.0600189
19.95935549
22.5710475
26.7299275
24.16326531
26.83600808
19.48696145
26.28780718
24.09972299
21.30394858
25.03991871
25.79591837
25.1063327
27.16049383
20.07774787
23.14814815
20.703125
16.65249433
29.36576335
22.5710475
22.59143813
22.44801512
26.29656684
23.73530842
20.6758034
30.8112461
27.17310162
24.05693475
27.34375
19.59631589
