24.74
23.32
24.33
25.14
25.1
24.63
28.64
24.41
26.27
31.73
24.41
26.2
24.96
27.11
22.66
22.28
18.56
29.9
21.08
21.66
23.44
30.8
23.3
19.69
23.3
24.03
22.72
22.71
26.17
21.13
25.33
25.49
23.88
25.76
23.68
21.81
26.78
25.96
23.29
22.67
24.5
23.56
22.99
26.23
22.67
24.83
22.89
23.68
23.2
28.77
27.27
21.68
27.32
27.72
22.29
22.38
24.14
26.48
23.53
25.91
26.25
24.38
26.49
23.55
26.15
28.02
25.35
21.74
25.2
26.85
23.35
26.98
25.34
21.32
22.71
29.68
23.22
21.57
26.4
22.8
28.05
25.11
29.31
23.07
26.12
23.92
23.34
22.62
28.07
22.27
26.65
27.55
24.87
23.57
24.71
24.85
23.66
30.16
26.4
28.11
26.64
29.24
23.57
21.24
23.26
25.94
23.49
25.05
25.1
26.68
22.11
21.94
24.61
26.95
23.96
24.24
24.46
26.1
21.74
21.41