22
21.75
25.25
22.5
22.25
24.75
20.25
20.5
26
22
25.25
20.75
23.5
21.5
22
20.5
24
20.5
22.5
20.25
22.75
23.5
24.75
23.75
23
20.75
23.25
24
25.75
22.75
24.75
23
25.75
23.75
21.25
20.5
24.25
20
22.25
25
24.75
23.75
25.25
22.5
20
20.25
21.75
21
23.75
22.5
23.25
22.5
21.25
21.5
22.25
20
24.75
24.5
24.25
24.25
25.75
20.25
23.25
22.5
20.5
23.25
21
20.5
23.5
23.75
21
21.25
20.75
24.75
23.5
25.75
25.25
20.25
24.75
20.5
21
25.5
24.5
20.25
22
22.25
22.25
24.5
24.5
22.5
20.5
22.75
21.5
22
20.75
20.25
22.75
21.75
23
25.75
22
25.25
25
23.25
22.5
23
25.25
23.25
21.25
21.75
21.75
24.5
23.5
23.75
24.25
23.75
20.25
23.25
24
25.5
22.75
24.75
21.25
21.25
24.75
20.5
25.25
21
22
21.75
21
23.75
23.25
24.25
23.5
20
22
22.25
20
23
24
22.25
21.75
21.25
20.25
25
25.75
23.75
25.25
22.25
22
23.75
24.25
21
25.25
25.25
22.75
23.5
20.25
23.25
23.5
23.5
23.5
22.5
25.25
24.75
21.5
23.75
23.5
25.25
24
23.25
22.75
24.25
22
23.75
24.75
23.25
20.5
25.5
25
25.5
25.75
22.5
20.5
21.25
21.25
24
23
24.25
24.75
20.25
22
24.5
23.75
21.75
24
22.25
21.75
20.75
24.5
22.5
24.75
21.5
23.75
20.25
24.5
22.25
26
21.5
20
20.75
22
21.5
20
22.25
25.25
21
21.25
24.75
21.25
22.25
24.25
25.5
20.25
23.5
25.75
24
25.25
21.25
20.75
25.5
25
21.5
22.25
20.25
23
24.25
23
25
20.5
24
23
21.5
22
22.5
23.25
20.75
22.5
21
25
25
24.5
20.5
23.25
23.25
23.75
21.5
23.5
21.5
21
20.75
21
24
24.5
24.25
21.25
23.5
25.75
25
24.25
22.75
23.25
25.5
25.5
23.5
20.75
24.75
24.25
23.75
26
20
23.25
26
25.5
22
23.25
20.5
20.5
24.75
24.25
21.5
20.25
21.25
22
23.5
20
22.75
23
23.5
22
23.75
24.5
22.25
21
22
20.25
20.25
21
22.5
23.75
20.5
21.25
23.25
23.25
21.25
21.75
21
23
24.75
25.5
21.5
25
21.5
24.75
21.75
24.75
20.25
20.5
20.5
22.5
21.25
25.5
21.75
21
20.75
22
23.5
22.75
23.5
22.5
25.25
25
22.75
21.75
21.5
22.5
24.5
22.5
24.25
25
20.75
22.25
21
25.25
25.25
21.25
23
20.5
21.5
20.25
21
21.25
24.25
20.5
20.5
25.75
23.5
24.75
20.25
22
23.25
24
25.75
23.25
24.5
21.75
25.5
20
25
23.5
21.25
23.75
22.25
21.75
24.5
24.25
23.75
24.75
20.5
22
22.25
20.75
22
21.75
21
22.25
24
23.75
21.75
22
23
21.5
21
24.75
20.5
20.5
20.25
24.5
22
25.25
20.75
23
21.25
23
23.25
24.75
24.25
24.25
23.25
25.25
20.75
25.5
24.75
22.25
24.75
20.5
23.75
24.25
25.75
25
25.5
25.25
24
23.25
23.75
20.5
23.25
21.5
21.25
22
24
21
21
25
25.25
20.25
21.5
20.25
20.5
25.5
20.75
21
21
22.75
21
24.25
21.5
21.25
20.5
22
23
22
22
22.25
22.25
20.25
23.5
21.5
22
23
26
22.75
23
19.75
25.25
22.75
20.25
24
24.75
23.5
23
20.75
24
21
21.5
24.25
25.25
25.75
25
20.25
22
24.5
24.5
21
25.25
25.5
21
20.25
26
25.5
24.5
26
20.5
24.5
24.25
25.5
23.75
23.75
23.75
23.25
21.25
21.25
23
22.5
23.5
23.25
20.5
24.5
23.75
21.25
21.5
23.5
25
21.5
21.25
24
21
20.25
20.25
23
21
20.75
21.75
23.75
23.75
24.25
22.75
25.75
24
24.5
20.75
25.5
23.75
22
24.75
25.75
20.5
23
21.5
22.25
21
23.75
22.5
21
22
25.25
23.25
20.25
24.75
22.25
20.25
20.75
22.5
25
22
22.25
20.5
22
24.5
22.75
23
21.5
20.5
21.5
24
21.75
20.75
24.5
25
24.5
23.25
21.25
21.75
21
23
23.5
23
25.25
21.25
23
25.25
23.75
23.25
23
24
21.75
22.5
25.5
25.25
25.75
21.25
23
22.5
24.25
22
20.5
22.75
23.75
23.75
25
21.75
22.5
23.75
24.25
23.25
23.25
22.5
23.75
25.5
22.5
21.5
25.75
24.75
26
20.75
22.75
21.5
24.75
23.75
24
25.75
20.5
24.25
25.5
23.5
20.75
20.75
26
23.25
23.25
23
25.25
23.75
24.75
20.25
24.5
24.25
24
20.5
21.5
22
21.25
24.25
25.5
22
20.5
23
24.75
22
22.5
21.5
20.5
21.25
25
25
24.75
20.5
24
22.25
25
23
20.75
21
23.25
23.5
26
26
23.25
22.5
20.75
25
20
25.75
22.5
20.25
21.5
22.25
23.5
25.75
22.5
21.25
20.25
20.5
25.25
25.25
21.75
24.25
24.5
23.5
25.75
21.25
20.75
25.25
20.75
25
22.75
23.25
20.5
24.25
25.25
21
25.5
22.5
20.25
19
20.5
21.5
22.75
23.25
25
24.5
22.75
25
21.5
23.5
20.25
22.5
22.5
20.5
24
20.75
20.75
21.75
24.5
24
22.75
24
21.25
25.5
24.25
22.75
21.5
23.5
23.5
22.75
22
20.75
20.5
24.5
23.25
25.25
20.25
23.5
23.5
21
25.5
21.75
20.75
25.5
21.5
25.25
25.5
23.5
21.5
22.5
25.25
24.25
20.25
24.5
20.75
20
26
20.5
20.75
21.75
24.5
24.25
21.5
21
24.75
22.5
25
22
25
23.5
20.5
23
23
22.75
22.25
21.5
21.5
24
24
22.25
20.75
22.75
24
21.5
21.75
23
20.25
20.5
24.75
25.25
26
26
22.75
20.25
23.75
22.5
25
23.25
21.5
21
21.75
22.75
21.25
22.25
20.5
22.5
24.5
23
23.5
20.5
25.25
23.75
21.25
25.25
25.5
23.5
21.25
23
22.25
21
24.5
25.25
23.75
25.75
22.75
23.75
21.75
23
21.75
24.25
22
20.75
24.25
25.25
20.5
23.5
23
25.5
25.5
23.75
22
21.75
23.75
25.5
25.5
21.25
21
21.25
23.75
22
23
20.5
21.5
21
21.75
21.5
22.75
23
24.25
22.5
20.5
23.25
25.75
25.75
23.5
20.25
21.75
20.75
25
24.5
23.75
20.5
21.25
23.75
22.5
21.5
24
21.75
23
20.75
23
23.25
25.75
21.75
26
24
22.25
21.25
22.5
22
20.75
23.25
23
24
20.5
22
21.75
22.75
24.75
23.75
20.5
25.75
22.5
20.75
21.25
21
21.75
22.25
25.25
20.75
24.25
20.5